0.31042,0.056957,0.94889,2.9047,0.049407,0.99589,-0.07594,-1.2044,-0.94932,0.070455,0.30633,0.93154
0.30817,0.058733,0.94952,2.9511,0.049372,0.99576,-0.077617,-1.2067,-0.95005,0.070799,0.30396,0.94557
0.30816,0.06086,0.94938,2.9968,0.048341,0.99566,-0.079517,-1.2087,-0.9501,0.070398,0.30389,0.96261
0.30737,0.062021,0.94957,3.0478,0.048472,0.99556,-0.080716,-1.2106,-0.95035,0.070837,0.303,0.97857
0.30665,0.064366,0.94964,3.0974,0.047151,0.99546,-0.082697,-1.2129,-0.95065,0.070136,0.30222,0.99682
0.30213,0.065269,0.95103,3.1518,0.048325,0.99532,-0.083661,-1.2154,-0.95204,0.071236,0.29756,1.0116
0.2969,0.066369,0.9526,3.2061,0.048117,0.99527,-0.084339,-1.2176,-0.9537,0.070876,0.29231,1.028
0.28946,0.066736,0.95486,3.261,0.049253,0.99521,-0.084487,-1.2196,-0.95592,0.071485,0.28479,1.0418
0.28009,0.067865,0.95757,3.3153,0.048084,0.99525,-0.0846,-1.2212,-0.95877,0.06974,0.2755,1.0566
0.27118,0.06671,0.96021,3.3697,0.048045,0.99541,-0.082723,-1.2217,-0.96133,0.068566,0.26673,1.0701
0.2635,0.065671,0.96242,3.4244,0.048322,0.99553,-0.08116,-1.2221,-0.96345,0.067892,0.25915,1.0829
0.2585,0.063218,0.96394,3.4793,0.048647,0.99574,-0.078349,-1.2218,-0.96479,0.067146,0.25432,1.0967
0.25632,0.061663,0.96462,3.533,0.047912,0.99593,-0.076395,-1.2215,-0.9654,0.065799,0.25232,1.1118
0.25557,0.058844,0.965,3.5862,0.046223,0.99626,-0.072992,-1.2202,-0.96569,0.06326,0.25189,1.1294
0.25145,0.054605,0.96633,3.6399,0.047721,0.99649,-0.068727,-1.2184,-0.96669,0.063395,0.24796,1.1417
0.24936,0.051732,0.96703,3.6896,0.046207,0.9968,-0.06524,-1.2165,-0.96731,0.060952,0.24617,1.1582
0.24356,0.048052,0.96869,3.7397,0.048197,0.99694,-0.061571,-1.2151,-0.96869,0.061684,0.2405,1.1681
0.23756,0.046343,0.97027,3.7859,0.047813,0.99709,-0.05933,-1.2142,-0.9702,0.060486,0.23465,1.1795
0.22973,0.043774,0.97227,3.8309,0.048911,0.99721,-0.056454,-1.2134,-0.97202,0.060524,0.22695,1.1876
0.22178,0.042018,0.97419,3.8696,0.046782,0.99746,-0.053672,-1.2116,-0.97397,0.057478,0.21926,1.1974
0.21292,0.041602,0.97618,3.9042,0.046379,0.99754,-0.052628,-1.211,-0.97597,0.056481,0.21047,1.2042
0.2005,0.0393,0.97891,3.9408,0.047771,0.99761,-0.049835,-1.2098,-0.97853,0.056755,0.19814,1.2062
0.19027,0.039613,0.98093,3.9733,0.046694,0.99769,-0.049347,-1.2094,-0.98062,0.055192,0.18798,1.2116
0.17712,0.038174,0.98345,4.0057,0.047718,0.99774,-0.047323,-1.2088,-0.98303,0.05531,0.1749,1.2114
0.16445,0.038701,0.98563,4.0333,0.046352,0.99782,-0.046913,-1.2085,-0.9853,0.053401,0.1623,1.2138
0.15097,0.038922,0.98777,4.0591,0.046721,0.99783,-0.046459,-1.2084,-0.98743,0.053163,0.14883,1.2119
0.14071,0.039023,0.98928,4.081,0.045103,0.99793,-0.04578,-1.2077,-0.98902,0.051061,0.13866,1.2141
0.13039,0.038944,0.9907,4.102,0.045591,0.99794,-0.045228,-1.2075,-0.99041,0.051064,0.12834,1.2123
0.12273,0.039012,0.99167,4.1202,0.04505,0.99798,-0.044835,-1.2072,-0.99142,0.050178,0.12073,1.2131
0.11331,0.038566,0.99281,4.1386,0.044683,0.99804,-0.043868,-1.2064,-0.99255,0.049332,0.11136,1.2124
0.1042,0.038056,0.99383,4.1582,0.044338,0.9981,-0.042869,-1.2055,-0.99357,0.048531,0.10232,1.2117
0.095537,0.037947,0.9947,4.1764,0.043518,0.99816,-0.042258,-1.205,-0.99447,0.047325,0.093709,1.2118
0.087351,0.037969,0.99545,4.1919,0.043671,0.99817,-0.041905,-1.2049,-0.99522,0.047133,0.085533,1.21
0.082295,0.038564,0.99586,4.2032,0.043361,0.99817,-0.042236,-1.205,-0.99566,0.046657,0.080471,1.2101
0.078239,0.038214,0.9962,4.212,0.04401,0.99816,-0.041746,-1.2049,-0.99596,0.047109,0.076413,1.2085
0.075688,0.038587,0.99638,4.2174,0.043478,0.99817,-0.041959,-1.2048,-0.99618,0.046497,0.073872,1.2093
0.073173,0.038619,0.99657,4.2221,0.044062,0.99815,-0.041915,-1.2049,-0.99635,0.046978,0.071336,1.2079
0.072153,0.038583,0.99665,4.2254,0.04358,0.99818,-0.041797,-1.2047,-0.99644,0.04645,0.07034,1.209
0.070141,0.038618,0.99679,4.2289,0.044028,0.99816,-0.041769,-1.2048,-0.99656,0.046816,0.068312,1.208
0.069045,0.038941,0.99685,4.232,0.043758,0.99816,-0.042023,-1.2048,-0.99665,0.046521,0.067214,1.2086
0.067118,0.038819,0.99699,4.235,0.043996,0.99816,-0.041827,-1.2048,-0.99677,0.046671,0.065286,1.208
0.065518,0.039323,0.99708,4.238,0.043932,0.99814,-0.042251,-1.205,-0.99688,0.046571,0.063668,1.208
0.063678,0.039562,0.99719,4.2412,0.044009,0.99813,-0.04241,-1.205,-0.997,0.046586,0.061817,1.2076
0.061538,0.039784,0.99731,4.2446,0.044071,0.99812,-0.042536,-1.2051,-0.99713,0.04657,0.059669,1.2072
0.059637,0.040212,0.99741,4.2481,0.044039,0.99811,-0.042873,-1.2052,-0.99725,0.046482,0.057753,1.207
0.056949,0.040272,0.99756,4.2513,0.044092,0.99811,-0.042811,-1.2052,-0.9974,0.046423,0.055066,1.2063
0.054336,0.040577,0.9977,4.2535,0.043863,0.99811,-0.042982,-1.2052,-0.99756,0.046097,0.052454,1.206
0.050866,0.040883,0.99787,4.2557,0.043926,0.9981,-0.043132,-1.2052,-0.99774,0.046026,0.048973,1.2047
0.047682,0.040936,0.99802,4.2583,0.043635,0.99812,-0.043025,-1.2051,-0.99791,0.0456,0.045806,1.2044
0.045518,0.040968,0.99812,4.2609,0.043671,0.99812,-0.04296,-1.2051,-0.99801,0.045545,0.043644,1.204
0.043763,0.0411,0.9982,4.2633,0.043275,0.99814,-0.042995,-1.2051,-0.9981,0.045079,0.041903,1.2045
0.039247,0.041114,0.99838,4.2662,0.043226,0.99815,-0.042804,-1.205,-0.99829,0.044836,0.037398,1.2032
0.031635,0.041534,0.99864,4.2696,0.042922,0.99816,-0.042873,-1.205,-0.99858,0.044219,0.029794,1.2012
0.027232,0.041645,0.99876,4.2723,0.043039,0.99816,-0.042793,-1.2049,-0.9987,0.044151,0.025389,1.1997
0.028464,0.041661,0.99873,4.2726,0.042873,0.99816,-0.042859,-1.2049,-0.99867,0.044038,0.026625,1.201
0.028042,0.041733,0.99874,4.2717,0.042924,0.99816,-0.042914,-1.205,-0.99868,0.044073,0.026199,1.2011
0.028045,0.041686,0.99874,4.27,0.042934,0.99816,-0.042868,-1.2049,-0.99868,0.044082,0.026203,1.2015
0.029788,0.041548,0.99869,4.2677,0.043015,0.99816,-0.042809,-1.205,-0.99863,0.044234,0.027946,1.2021
0.030024,0.041314,0.9987,4.2661,0.043105,0.99816,-0.042587,-1.2049,-0.99862,0.044328,0.028188,1.202
0.029724,0.041184,0.99871,4.2651,0.043134,0.99817,-0.042445,-1.2048,-0.99863,0.044339,0.027893,1.2018
0.029039,0.041171,0.99873,4.2648,0.043103,0.99817,-0.042401,-1.2048,-0.99865,0.044279,0.027211,1.2015
0.027703,0.041422,0.99876,4.2649,0.042975,0.99817,-0.042589,-1.2048,-0.99869,0.044101,0.025872,1.201
0.025854,0.041697,0.9988,4.2667,0.042848,0.99817,-0.042779,-1.2049,-0.99875,0.043902,0.02402,1.2005
0.021151,0.042197,0.99889,4.2712,0.042734,0.99816,-0.043071,-1.205,-0.99886,0.043597,0.019308,1.1989
0.013773,0.042928,0.99898,4.2787,0.042697,0.99814,-0.04348,-1.2053,-0.99899,0.043253,0.011914,1.1962
0.0027829,0.04354,0.99905,4.2901,0.04269,0.99814,-0.043619,-1.2055,-0.99908,0.04277,0.000919,1.1921
-0.0090117,0.043621,0.99901,4.3041,0.04317,0.99813,-0.043193,-1.2055,-0.99903,0.042738,-0.010878,1.1867
-0.024523,0.044685,0.9987,4.3207,0.043346,0.99811,-0.043595,-1.2058,-0.99876,0.04222,-0.026413,1.1799
-0.04234,0.04564,0.99806,4.3404,0.043169,0.99811,-0.043811,-1.2059,-0.99817,0.04123,-0.04423,1.1723
-0.056279,0.046914,0.99731,4.3591,0.044507,0.99802,-0.044436,-1.2068,-0.99742,0.041886,-0.058256,1.1644
-0.068549,0.047761,0.9965,4.3768,0.045738,0.99795,-0.044685,-1.2073,-0.9966,0.042515,-0.070593,1.1567
-0.081065,0.049151,0.9955,4.3943,0.046794,0.99787,-0.045458,-1.2082,-0.99561,0.042898,-0.083193,1.1494
-0.094914,0.050389,0.99421,4.4128,0.048165,0.99778,-0.045972,-1.2093,-0.99432,0.043523,-0.09713,1.1404
-0.1056,0.051615,0.99307,4.4322,0.049092,0.9977,-0.046636,-1.2101,-0.9932,0.043827,-0.10789,1.1333
-0.11367,0.052535,0.99213,4.4532,0.051592,0.99757,-0.046911,-1.2111,-0.99218,0.045853,-0.11611,1.1244
-0.12145,0.054454,0.9911,4.4744,0.052247,0.99746,-0.048401,-1.2128,-0.99122,0.045903,-0.12398,1.1184
-0.13356,0.056562,0.98942,4.4968,0.053388,0.99733,-0.049807,-1.2146,-0.9896,0.046171,-0.13623,1.1088
-0.14425,0.058972,0.98778,4.5189,0.055234,0.99715,-0.051465,-1.2168,-0.988,0.047135,-0.14709,1.0997
-0.15474,0.062902,0.98595,4.54,0.057997,0.99683,-0.054494,-1.2203,-0.98625,0.04875,-0.1579,1.0885
-0.16505,0.067332,0.98398,4.5618,0.058744,0.99657,-0.05834,-1.2235,-0.98454,0.048174,-0.16843,1.0803
-0.1778,0.070483,0.98154,4.5858,0.06046,0.99633,-0.060593,-1.226,-0.98221,0.04857,-0.18141,1.0686
-0.18992,0.072486,0.97912,4.6128,0.061853,0.99617,-0.061751,-1.228,-0.97985,0.048834,-0.19368,1.0574
-0.20552,0.076134,0.97569,4.6421,0.063689,0.9959,-0.064295,-1.2309,-0.97658,0.048927,-0.20953,1.0423
-0.22386,0.078728,0.97144,4.6754,0.062766,0.99583,-0.066241,-1.2332,-0.9726,0.046144,-0.22787,1.0297
-0.24573,0.084558,0.96564,4.7088,0.063678,0.99544,-0.070963,-1.2371,-0.96725,0.044053,-0.24999,1.0111
-0.2691,0.089783,0.95892,4.7443,0.061639,0.99521,-0.075884,-1.2407,-0.96114,0.038686,-0.27334,0.9955
-0.29333,0.09226,0.95155,4.7804,0.06226,0.99506,-0.077286,-1.2428,-0.95398,0.036574,-0.29762,0.97419
-0.31568,0.096205,0.94398,4.815,0.061431,0.99483,-0.080844,-1.2455,-0.94687,0.032468,-0.31996,0.95531
-0.33757,0.099008,0.93608,4.8502,0.061989,0.99463,-0.082846,-1.248,-0.93926,0.03006,-0.3419,0.93336
-0.35676,0.10208,0.9286,4.883,0.062273,0.9944,-0.08539,-1.2504,-0.93212,0.027364,-0.36112,0.91228
-0.37028,0.10498,0.92297,4.9138,0.063694,0.99412,-0.087524,-1.2531,-0.92673,0.026379,-0.37479,0.89267
-0.37626,0.10549,0.92049,4.9442,0.064461,0.99407,-0.087572,-1.2547,-0.92427,0.026385,-0.38083,0.87608
-0.37469,0.10627,0.92104,4.9721,0.064752,0.99398,-0.088348,-1.2564,-0.92489,0.026537,-0.37931,0.86393
-0.37405,0.10682,0.92124,4.998,0.066411,0.99388,-0.088284,-1.2578,-0.92503,0.028158,-0.37885,0.84905
-0.37567,0.10751,0.9205,5.0242,0.066271,0.99382,-0.089031,-1.2595,-0.92438,0.027556,-0.38047,0.8369
-0.38073,0.10842,0.91831,5.0488,0.06889,0.99367,-0.088757,-1.2609,-0.92212,0.02947,-0.38579,0.81869
-0.38649,0.10794,0.91595,5.0748,0.068684,0.99374,-0.088128,-1.2618,-0.91973,0.02885,-0.39149,0.80447
-0.3953,0.1087,0.9121,5.0982,0.07147,0.9936,-0.087437,-1.2632,-0.91577,0.030624,-0.40054,0.785
-0.40455,0.10767,0.90815,5.1213,0.071474,0.99373,-0.085977,-1.2638,-0.91172,0.030128,-0.40971,0.76875
-0.41654,0.10714,0.90278,5.1431,0.072055,0.9938,-0.084697,-1.2646,-0.90626,0.02977,-0.42168,0.75114
-0.4305,0.10735,0.89619,5.1619,0.073453,0.99378,-0.083751,-1.2655,-0.8996,0.029773,-0.4357,0.73268
-0.44169,0.10727,0.89073,5.183,0.073696,0.99381,-0.083145,-1.2664,-0.89413,0.028919,-0.44686,0.71739
-0.45435,0.10744,0.88432,5.2054,0.07514,0.99379,-0.082128,-1.2672,-0.88765,0.029133,-0.4596,0.69779
-0.46918,0.10775,0.8765,5.2309,0.074498,0.99382,-0.082289,-1.2686,-0.87995,0.026689,-0.47431,0.67882
-0.48982,0.10803,0.86511,5.2574,0.076201,0.9938,-0.080956,-1.2695,-0.86849,0.026268,-0.49501,0.65172
-0.51205,0.10846,0.85208,5.2862,0.076778,0.9938,-0.080356,-1.2707,-0.85552,0.024275,-0.51721,0.62332
-0.53441,0.10879,0.83819,5.3152,0.077786,0.9938,-0.07939,-1.2718,-0.84164,0.022773,-0.53956,0.59283
-0.55657,0.10978,0.82351,5.343,0.078275,0.99375,-0.079575,-1.2734,-0.8271,0.020171,-0.56169,0.56182
-0.57748,0.1103,0.80892,5.3709,0.078143,0.99375,-0.079721,-1.2749,-0.81265,0.017173,-0.58249,0.53239
-0.59689,0.11172,0.7945,5.3958,0.080503,0.9936,-0.079238,-1.2762,-0.79827,0.016663,-0.60207,0.49863
-0.61106,0.11093,0.78377,5.4243,0.07922,0.99373,-0.078886,-1.2772,-0.78761,0.013887,-0.61602,0.4713
-0.6257,0.11128,0.77208,5.4513,0.081151,0.99369,-0.077455,-1.2781,-0.77583,0.014192,-0.63078,0.43833
-0.63986,0.11182,0.76031,5.4777,0.081711,0.99365,-0.077374,-1.2796,-0.76413,0.012617,-0.64494,0.40707
-0.65381,0.11146,0.7484,5.504,0.082045,0.9937,-0.07632,-1.2804,-0.7522,0.011504,-0.65884,0.37553
-0.66707,0.11219,0.7365,5.5277,0.083693,0.99362,-0.075553,-1.2816,-0.74028,0.01124,-0.67221,0.34296
-0.67893,0.11211,0.72559,5.5511,0.083871,0.99365,-0.075044,-1.2825,-0.7294,0.0099062,-0.68402,0.31366
-0.69152,0.11169,0.71367,5.5723,0.084563,0.9937,-0.07357,-1.2827,-0.71739,0.0094752,-0.6966,0.28315
-0.70428,0.11032,0.7013,5.5953,0.083145,0.99387,-0.072846,-1.2828,-0.70504,0.0070053,-0.70914,0.25404
-0.71844,0.10896,0.68701,5.6173,0.083353,0.99402,-0.07048,-1.2824,-0.69058,0.0066286,-0.72322,0.22042
-0.73299,0.10646,0.67186,5.6403,0.081151,0.99431,-0.069014,-1.2823,-0.67538,0.0039354,-0.73746,0.18922
-0.74894,0.10522,0.65423,5.6619,0.08054,0.99445,-0.067743,-1.2821,-0.65773,0.0019558,-0.75325,0.15295
-0.76377,0.10321,0.63718,5.6823,0.079738,0.99466,-0.065531,-1.2818,-0.64054,0.00075723,-0.76792,0.11731
-0.77757,0.10149,0.62055,5.7025,0.078352,0.99484,-0.064526,-1.2817,-0.6239,-0.0015518,-0.78151,0.083415
-0.79057,0.10164,0.60387,5.7184,0.079947,0.99482,-0.062785,-1.2819,-0.60713,-0.0013579,-0.7946,0.047173
-0.80254,0.10091,0.58801,5.734,0.079815,0.99489,-0.061806,-1.2821,-0.59124,-0.0026693,-0.80649,0.014208
-0.81433,0.099923,0.57174,5.7484,0.07942,0.99499,-0.060777,-1.2824,-0.57494,-0.0040856,-0.81818,-0.017592
-0.8248,0.099035,0.55668,5.762,0.078993,0.99507,-0.059986,-1.2822,-0.55988,-0.0055024,-0.82856,-0.047572
-0.83391,0.097778,0.54317,5.7782,0.07859,0.99519,-0.058491,-1.2817,-0.54628,-0.0060886,-0.83758,-0.07931
-0.84402,0.096192,0.52762,5.7951,0.078223,0.99534,-0.056333,-1.281,-0.53058,-0.006274,-0.84761,-0.11562
-0.85533,0.09391,0.5095,5.8134,0.076628,0.99555,-0.054856,-1.2803,-0.51239,-0.0078779,-0.85872,-0.15475
-0.86614,0.092658,0.49114,5.8309,0.076208,0.99566,-0.053445,-1.2798,-0.49396,-0.008862,-0.86944,-0.1972
-0.8737,0.091274,0.47783,5.8509,0.07501,0.99577,-0.053055,-1.2796,-0.48065,-0.010512,-0.87685,-0.23774
-0.87975,0.091007,0.46665,5.8684,0.075584,0.9958,-0.051709,-1.2793,-0.4694,-0.010219,-0.88293,-0.27919
-0.88573,0.088221,0.45574,5.8885,0.073342,0.99604,-0.050271,-1.2783,-0.45837,-0.011101,-0.88869,-0.3194
-0.89179,0.087739,0.44387,5.9072,0.072959,0.99607,-0.050308,-1.2786,-0.44653,-0.01248,-0.89468,-0.36126
-0.89895,0.087134,0.42929,5.9229,0.073334,0.99612,-0.04862,-1.278,-0.43186,-0.012225,-0.90186,-0.40782
-0.9061,0.08469,0.41451,5.9418,0.071546,0.99632,-0.047167,-1.277,-0.41698,-0.013081,-0.90882,-0.45411
-0.9134,0.085751,0.39793,5.955,0.073571,0.99624,-0.045808,-1.277,-0.40036,-0.012565,-0.91627,-0.50586
-0.91974,0.083461,0.38356,5.9728,0.072171,0.99643,-0.043761,-1.2759,-0.38585,-0.012567,-0.92248,-0.55495
-0.92601,0.082704,0.36834,5.9869,0.072292,0.9965,-0.042005,-1.2751,-0.37052,-0.012269,-0.92874,-0.60573
-0.93189,0.081362,0.35349,6.0017,0.071386,0.9966,-0.041191,-1.2745,-0.35564,-0.013151,-0.93453,-0.65604
-0.9376,0.079052,0.3386,6.0182,0.069368,0.99676,-0.040628,-1.2738,-0.34072,-0.014605,-0.94005,-0.70794
-0.94271,0.078241,0.32432,6.0319,0.06888,0.99681,-0.040263,-1.2737,-0.32644,-0.015617,-0.94509,-0.7598
-0.94689,0.07748,0.31208,6.0463,0.06831,0.99685,-0.040229,-1.2736,-0.31422,-0.016774,-0.9492,-0.81293
-0.94939,0.076543,0.30463,6.0625,0.067773,0.99693,-0.039277,-1.2727,-0.3067,-0.016643,-0.95166,-0.86686
-0.95007,0.074547,0.30299,6.0831,0.065726,0.99707,-0.039224,-1.272,-0.30503,-0.017351,-0.95219,-0.91924
-0.9505,0.073374,0.30193,6.1024,0.064545,0.99715,-0.039131,-1.2715,-0.30394,-0.017706,-0.95253,-0.97225
-0.95035,0.073712,0.30231,6.1204,0.064783,0.99712,-0.039471,-1.2715,-0.30435,-0.017927,-0.95239,-1.0256
-0.95024,0.071626,0.30317,6.142,0.062573,0.99726,-0.039483,-1.2708,-0.30517,-0.018548,-0.95212,-1.0784
-0.95059,0.071413,0.30211,6.1608,0.062394,0.99727,-0.039415,-1.2704,-0.3041,-0.018618,-0.95246,-1.1337
-0.95132,0.068806,0.30043,6.1832,0.059396,0.99742,-0.040356,-1.2697,-0.30243,-0.020547,-0.95295,-1.1892
-0.95287,0.069339,0.29536,6.2004,0.060582,0.99741,-0.038708,-1.2687,-0.29728,-0.01899,-0.9546,-1.251
-0.95471,0.067878,0.28971,6.2207,0.059142,0.99749,-0.038815,-1.268,-0.29162,-0.019923,-0.95633,-1.314
-0.9563,0.067586,0.28448,6.2411,0.058966,0.99751,-0.038766,-1.2683,-0.28639,-0.020298,-0.9579,-1.377
-0.9583,0.066079,0.27803,6.2606,0.057843,0.99761,-0.037734,-1.2672,-0.27986,-0.020078,-0.95983,-1.4392
-0.96006,0.064407,0.2723,6.2806,0.055937,0.99768,-0.038763,-1.2668,-0.27416,-0.021984,-0.96143,-1.4989
-0.96173,0.063439,0.26656,6.2982,0.055654,0.99778,-0.036665,-1.2653,-0.2683,-0.020426,-0.96312,-1.5599
-0.96292,0.062634,0.26241,6.3178,0.054986,0.99782,-0.036396,-1.2643,-0.26412,-0.020618,-0.96427,-1.6223
-0.9635,0.063823,0.26,6.3348,0.056365,0.99776,-0.03605,-1.2637,-0.26172,-0.020079,-0.96493,-1.6837
-0.96356,0.061892,0.26024,6.3555,0.05478,0.9979,-0.034502,-1.2618,-0.26183,-0.018989,-0.96493,-1.7447
-0.96288,0.06181,0.26274,6.3774,0.054252,0.99788,-0.035931,-1.2621,-0.26441,-0.020343,-0.9642,-1.804
-0.9627,0.063735,0.26297,6.3932,0.056425,0.99778,-0.035264,-1.2622,-0.26463,-0.019111,-0.96416,-1.8647
-0.96218,0.062339,0.2652,6.4147,0.055152,0.99788,-0.034469,-1.2615,-0.26679,-0.018539,-0.96358,-1.9223
-0.96234,0.06475,0.26403,6.4295,0.057472,0.99773,-0.035203,-1.2627,-0.26571,-0.018703,-0.96387,-1.9801
-0.962,0.064519,0.26532,6.4482,0.057796,0.99778,-0.033079,-1.2619,-0.26686,-0.016488,-0.96359,-2.0358
-0.96232,0.065224,0.26399,6.4643,0.057903,0.99769,-0.035426,-1.2635,-0.26569,-0.018805,-0.96387,-2.09
-0.9622,0.06621,0.26419,6.4805,0.058806,0.99763,-0.035847,-1.2642,-0.26593,-0.018956,-0.96381,-2.1449
-0.96228,0.06634,0.26386,6.4978,0.059127,0.99763,-0.035194,-1.264,-0.26557,-0.018265,-0.96392,-2.2006
-0.96289,0.066416,0.2616,6.5157,0.058937,0.9976,-0.036344,-1.2645,-0.26339,-0.019577,-0.96449,-2.2594
-0.9634,0.068034,0.25929,6.5308,0.060379,0.99748,-0.037382,-1.2653,-0.26118,-0.020358,-0.96507,-2.3165
-0.96433,0.065427,0.25649,6.551,0.057406,0.9976,-0.038644,-1.2654,-0.2584,-0.022542,-0.96577,-2.3713
-0.96538,0.065664,0.25243,6.5677,0.057246,0.99754,-0.040558,-1.266,-0.25447,-0.024703,-0.96676,-2.4277
-0.96667,0.066502,0.24725,6.5811,0.05834,0.99749,-0.040199,-1.2658,-0.2493,-0.024434,-0.96812,-2.4861
-0.96694,0.065755,0.2464,6.6002,0.057424,0.99751,-0.040852,-1.2657,-0.24847,-0.025353,-0.96831,-2.5412
-0.96784,0.068419,0.24207,6.6111,0.060461,0.99736,-0.040159,-1.2655,-0.24418,-0.024232,-0.96943,-2.6
-0.96811,0.067582,0.24124,6.6295,0.059566,0.99741,-0.040377,-1.265,-0.24334,-0.02472,-0.96963,-2.6552
-0.9689,0.068647,0.23774,6.643,0.060813,0.99734,-0.04014,-1.2648,-0.23986,-0.024434,-0.9705,-2.7126
-0.96966,0.067994,0.2348,6.6598,0.059921,0.99735,-0.041358,-1.265,-0.23699,-0.026034,-0.97116,-2.769
-0.97044,0.068758,0.23135,6.6734,0.061212,0.99734,-0.039649,-1.2638,-0.23346,-0.024316,-0.97206,-2.8286
-0.97131,0.06825,0.22783,6.6886,0.060584,0.99734,-0.040481,-1.2638,-0.22999,-0.025516,-0.97286,-2.8889
-0.97219,0.068965,0.22383,6.7017,0.061678,0.99732,-0.039398,-1.2634,-0.22594,-0.024497,-0.97383,-2.9513
-0.97279,0.068696,0.22129,6.7161,0.061617,0.99735,-0.038742,-1.2627,-0.22336,-0.024053,-0.97444,-3.0123
-0.97328,0.06903,0.21899,6.7296,0.062113,0.99733,-0.038324,-1.2622,-0.22105,-0.023698,-0.97498,-3.0728
-0.97367,0.069036,0.21724,6.7437,0.062245,0.99734,-0.037957,-1.2617,-0.21928,-0.023435,-0.97538,-3.1319
-0.97387,0.071175,0.21568,6.7552,0.064471,0.9972,-0.037967,-1.2617,-0.21778,-0.023069,-0.97573,-3.1915
-0.97404,0.070742,0.21504,6.7704,0.063982,0.99722,-0.038246,-1.2615,-0.21715,-0.023495,-0.97586,-3.2517
-0.97362,0.070867,0.21689,6.787,0.064307,0.99724,-0.037165,-1.2606,-0.21892,-0.022238,-0.97549,-3.3166
-0.97316,0.070511,0.21908,6.8035,0.06389,0.99726,-0.037169,-1.2601,-0.2211,-0.022175,-0.975,-3.3797
-0.97221,0.070517,0.22325,6.8218,0.06375,0.99727,-0.037383,-1.2599,-0.22528,-0.022112,-0.97404,-3.4422
-0.97144,0.071798,0.22616,6.8371,0.064747,0.99716,-0.038452,-1.2604,-0.22828,-0.022711,-0.97333,-3.5042
-0.97057,0.069891,0.23046,6.8577,0.062257,0.99725,-0.040241,-1.261,-0.23264,-0.024709,-0.97225,-3.5629
-0.97015,0.069014,0.23248,6.8753,0.061261,0.9973,-0.040413,-1.2607,-0.23464,-0.024965,-0.97176,-3.6242
-0.97,0.066052,0.23398,6.8967,0.058106,0.99748,-0.040699,-1.2598,-0.23608,-0.025882,-0.97139,-3.6867
-0.97056,0.06563,0.23174,6.9132,0.057981,0.99753,-0.039672,-1.2591,-0.23378,-0.025068,-0.97197,-3.7534
-0.97076,0.065491,0.23096,6.9317,0.05792,0.99754,-0.039422,-1.2587,-0.23297,-0.024892,-0.97216,-3.8232
-0.9708,0.065848,0.23066,6.9481,0.058409,0.99753,-0.038941,-1.2581,-0.23266,-0.024331,-0.97225,-3.8899
-0.97052,0.065561,0.23195,6.9665,0.057751,0.99752,-0.040311,-1.2584,-0.23402,-0.025727,-0.97189,-3.9543
-0.97076,0.066251,0.23074,6.9821,0.058747,0.9975,-0.039247,-1.2577,-0.23277,-0.024544,-0.97222,-4.0209
-0.97064,0.066015,0.2313,7,0.058548,0.99752,-0.039007,-1.2569,-0.2333,-0.02432,-0.9721,-4.0867
-0.97023,0.067132,0.23272,7.0165,0.060242,0.99751,-0.036597,-1.2552,-0.23459,-0.021488,-0.97186,-4.1546
-0.97026,0.065734,0.23295,7.0354,0.059121,0.99763,-0.035265,-1.2538,-0.23472,-0.020444,-0.97185,-4.2219
-0.96998,0.067016,0.23379,7.0519,0.060712,0.99757,-0.03407,-1.2526,-0.2355,-0.018854,-0.97169,-4.2897
-0.96961,0.066509,0.23544,7.0701,0.060623,0.99764,-0.032158,-1.2507,-0.23703,-0.016908,-0.97136,-4.3567
-0.96885,0.066512,0.23853,7.0899,0.060826,0.99766,-0.031126,-1.249,-0.24005,-0.015647,-0.97064,-4.423
-0.96857,0.067497,0.23939,7.1058,0.062064,0.99762,-0.03017,-1.2481,-0.24086,-0.014364,-0.97045,-4.4903
-0.96773,0.0668,0.24297,7.1267,0.060977,0.99764,-0.031419,-1.2489,-0.2445,-0.01559,-0.96952,-4.5533
-0.96749,0.0675,0.24375,7.1432,0.061512,0.99759,-0.032102,-1.2495,-0.24533,-0.016065,-0.96931,-4.6168
-0.96669,0.067553,0.24686,7.1619,0.061005,0.99756,-0.034084,-1.2506,-0.24855,-0.017889,-0.96845,-4.6761
-0.96622,0.066281,0.24906,7.1804,0.059107,0.9976,-0.03618,-1.2508,-0.25086,-0.020237,-0.96781,-4.7336
-0.96528,0.06553,0.25287,7.2006,0.05753,0.99759,-0.038908,-1.252,-0.25481,-0.023009,-0.96672,-4.7896
-0.9645,0.068732,0.25499,7.2151,0.059761,0.9973,-0.042771,-1.2546,-0.25724,-0.026014,-0.966,-4.8466
-0.96326,0.069757,0.25937,7.2329,0.060496,0.99722,-0.043532,-1.255,-0.26168,-0.026241,-0.9648,-4.9043
-0.96214,0.073697,0.26241,7.2474,0.063814,0.9969,-0.046001,-1.2569,-0.26498,-0.027514,-0.96386,-4.9636
-0.96115,0.072855,0.26626,7.2684,0.062844,0.99697,-0.04594,-1.2565,-0.26879,-0.027423,-0.96281,-5.0233
-0.9607,0.074617,0.26737,7.2851,0.064892,0.99688,-0.045037,-1.2566,-0.26989,-0.025917,-0.96254,-5.0866
-0.96033,0.073478,0.26901,7.3068,0.063619,0.99695,-0.045197,-1.2564,-0.27151,-0.02629,-0.96208,-5.1497
-0.95947,0.074473,0.27179,7.3262,0.06506,0.99693,-0.043495,-1.2556,-0.2742,-0.024049,-0.96137,-5.2155
-0.95909,0.072455,0.27368,7.3505,0.06296,0.99707,-0.043332,-1.2548,-0.27602,-0.024329,-0.96084,-5.2843
-0.95894,0.069919,0.27485,7.3749,0.060831,0.99729,-0.04146,-1.2526,-0.27701,-0.023039,-0.96059,-5.3529
-0.95922,0.069414,0.27399,7.3961,0.060503,0.99733,-0.040849,-1.2527,-0.2761,-0.022606,-0.96086,-5.4223
-0.95907,0.06882,0.27468,7.4182,0.059417,0.99733,-0.042417,-1.2536,-0.27687,-0.02436,-0.9606,-5.4875
-0.9595,0.069299,0.27304,7.436,0.060142,0.99732,-0.041775,-1.2538,-0.2752,-0.023662,-0.96109,-5.552
-0.95968,0.068513,0.2726,7.4565,0.059236,0.99735,-0.042128,-1.2543,-0.27477,-0.024282,-0.9612,-5.6121
-0.96038,0.06951,0.26989,7.472,0.060057,0.99726,-0.043137,-1.2549,-0.27215,-0.025219,-0.96192,-5.672
-0.96038,0.068511,0.27013,7.4927,0.05898,0.99732,-0.043253,-1.2547,-0.27237,-0.025607,-0.96185,-5.7329
-0.9602,0.071081,0.27013,7.5074,0.061683,0.99716,-0.043133,-1.2551,-0.27243,-0.024754,-0.96186,-5.7935
-0.95972,0.071629,0.27167,7.526,0.061864,0.9971,-0.044349,-1.2558,-0.27406,-0.025756,-0.96137,-5.8511
-0.9588,0.07384,0.27431,7.5425,0.063616,0.99691,-0.045996,-1.2571,-0.27685,-0.026651,-0.96054,-5.9083
-0.95806,0.073605,0.27697,7.5616,0.06314,0.99692,-0.046528,-1.2575,-0.27954,-0.027089,-0.95975,-5.9649
-0.95751,0.072648,0.27911,7.5816,0.062195,0.997,-0.046137,-1.2571,-0.28162,-0.026817,-0.95915,-6.0203
-0.95731,0.072768,0.27975,7.5992,0.062412,0.997,-0.045759,-1.257,-0.28225,-0.026346,-0.95898,-6.0761
-0.95722,0.07241,0.28014,7.6172,0.061998,0.99702,-0.045866,-1.2569,-0.28262,-0.026536,-0.95886,-6.1312
-0.95724,0.071365,0.28034,7.6358,0.060926,0.99709,-0.045788,-1.2569,-0.28279,-0.02675,-0.95881,-6.1855
-0.95754,0.071567,0.27927,7.6524,0.061098,0.99707,-0.046024,-1.2574,-0.28175,-0.027007,-0.95911,-6.2405
-0.958,0.0723,0.27752,7.6686,0.061469,0.99698,-0.047544,-1.2585,-0.28011,-0.028488,-0.95954,-6.296
-0.95895,0.072092,0.27426,7.6859,0.061597,0.99701,-0.046699,-1.2581,-0.27681,-0.027889,-0.96052,-6.3548
-0.96053,0.071973,0.2687,7.7017,0.061735,0.99701,-0.04637,-1.2581,-0.27123,-0.027952,-0.96211,-6.4166
-0.96135,0.070345,0.26618,7.7219,0.06001,0.9971,-0.046773,-1.2582,-0.2687,-0.028992,-0.96279,-6.4779
-0.96204,0.070922,0.26355,7.7387,0.060722,0.99706,-0.046658,-1.2585,-0.26609,-0.028884,-0.96352,-6.5423
-0.96216,0.071351,0.26297,7.7577,0.06079,0.99699,-0.048091,-1.2592,-0.26561,-0.030285,-0.9636,-6.6062
-0.96186,0.072767,0.2637,7.7765,0.062404,0.99692,-0.047475,-1.2592,-0.26634,-0.029209,-0.96344,-6.6747
-0.9611,0.072707,0.26645,7.7965,0.062467,0.99695,-0.046719,-1.2586,-0.26903,-0.028257,-0.96272,-6.7371
-0.96026,0.073175,0.26933,7.8171,0.063094,0.99695,-0.045908,-1.2582,-0.27187,-0.027091,-0.96195,-6.8027
-0.95984,0.071319,0.27134,7.8411,0.061236,0.99709,-0.045461,-1.2573,-0.27379,-0.027019,-0.96141,-6.871
-0.95976,0.070727,0.27176,7.8622,0.060842,0.99715,-0.044642,-1.2568,-0.27414,-0.026312,-0.96133,-6.9384
-0.9597,0.069154,0.27237,7.8851,0.05903,0.99723,-0.045202,-1.2567,-0.27474,-0.027302,-0.96113,-7.0048
-0.95895,0.067973,0.2753,7.9086,0.057902,0.99733,-0.044556,-1.256,-0.27759,-0.026787,-0.96032,-7.0702
-0.95828,0.066954,0.27789,7.931,0.056876,0.9974,-0.044183,-1.2554,-0.28012,-0.026534,-0.9596,-7.1354
-0.95743,0.065374,0.28116,7.9557,0.055272,0.99751,-0.043719,-1.2545,-0.28332,-0.026318,-0.95866,-7.1995
-0.95662,0.067266,0.28345,7.9761,0.057086,0.9974,-0.044035,-1.2552,-0.28568,-0.025944,-0.95797,-7.2666
-0.956,0.066707,0.28569,7.999,0.056404,0.99743,-0.044152,-1.255,-0.2879,-0.026095,-0.95731,-7.3291
-0.95574,0.06878,0.28607,8.0173,0.058368,0.99729,-0.044775,-1.256,-0.28838,-0.026096,-0.95716,-7.3919
-0.95553,0.067136,0.28715,8.0398,0.05689,0.99742,-0.043888,-1.2547,-0.28935,-0.025601,-0.95688,-7.4526
-0.95582,0.067836,0.286,8.0593,0.05741,0.99735,-0.044695,-1.2551,-0.28828,-0.026301,-0.95719,-7.5139
-0.95597,0.068022,0.28548,8.0785,0.057891,0.99736,-0.043789,-1.2545,-0.28771,-0.025334,-0.95738,-7.5751
-0.95592,0.067614,0.28574,8.099,0.057668,0.99741,-0.043091,-1.2539,-0.28791,-0.024713,-0.95734,-7.6344
-0.95638,0.06792,0.28413,8.117,0.057901,0.99737,-0.043523,-1.2542,-0.28634,-0.025173,-0.9578,-7.6931
-0.95642,0.067729,0.28402,8.1356,0.057831,0.9974,-0.043102,-1.2539,-0.2862,-0.024798,-0.95785,-7.7501
-0.95681,0.067245,0.28283,8.1534,0.057454,0.99743,-0.042783,-1.2536,-0.28498,-0.024686,-0.95821,-7.8066
-0.95725,0.066533,0.28152,8.1714,0.056659,0.99746,-0.04308,-1.2535,-0.28367,-0.025288,-0.95859,-7.8616
-0.95769,0.065816,0.28017,8.1883,0.055937,0.9975,-0.043121,-1.2536,-0.2823,-0.025625,-0.95898,-7.9142
-0.95867,0.065571,0.27685,8.2031,0.055657,0.9975,-0.043525,-1.2536,-0.27901,-0.026318,-0.95993,-7.9648
-0.95985,0.065335,0.2728,8.2162,0.055522,0.99751,-0.043549,-1.2535,-0.27496,-0.026654,-0.96108,-8.013
-0.96068,0.065068,0.26993,8.2291,0.055363,0.99752,-0.043424,-1.2535,-0.27208,-0.026773,-0.9619,-8.0577
-0.96181,0.064382,0.26603,8.241,0.054524,0.99753,-0.044285,-1.2537,-0.26822,-0.028089,-0.96295,-8.1003
-0.9626,0.064162,0.26323,8.2527,0.054234,0.99752,-0.044821,-1.2541,-0.26545,-0.028869,-0.96369,-8.141
-0.96371,0.063237,0.25936,8.2638,0.05324,0.99755,-0.0454,-1.2544,-0.2616,-0.029944,-0.96471,-8.1787
-0.96463,0.063002,0.25595,8.2733,0.052811,0.99752,-0.046504,-1.2549,-0.25825,-0.031342,-0.96557,-8.2132
-0.96559,0.062066,0.25255,8.2823,0.052077,0.99758,-0.046055,-1.2545,-0.25479,-0.031318,-0.96649,-8.2462
-0.96646,0.061089,0.24944,8.2922,0.051075,0.99761,-0.04643,-1.2543,-0.25168,-0.032133,-0.96728,-8.2792
-0.96751,0.061786,0.24515,8.2981,0.051915,0.99757,-0.046528,-1.2545,-0.24743,-0.03229,-0.96837,-8.3109
-0.96818,0.061,0.24271,8.3066,0.051152,0.9976,-0.046679,-1.2543,-0.24498,-0.032778,-0.96898,-8.3391
-0.96923,0.061494,0.23835,8.3109,0.051903,0.99758,-0.046313,-1.2541,-0.24063,-0.032516,-0.97007,-8.3663
-0.96996,0.060731,0.23558,8.3179,0.051227,0.99762,-0.046261,-1.2538,-0.23782,-0.032803,-0.97075,-8.3897
-0.97096,0.062541,0.23092,8.3184,0.053281,0.99751,-0.04613,-1.2544,-0.23323,-0.032487,-0.97188,-8.4111
-0.97178,0.061835,0.22765,8.323,0.052554,0.99753,-0.046613,-1.2548,-0.22997,-0.033334,-0.97263,-8.4288
-0.97349,0.061775,0.22025,8.324,0.052819,0.99753,-0.046327,-1.255,-0.22257,-0.033465,-0.97434,-8.4462
-0.97527,0.06196,0.21214,8.324,0.053328,0.99751,-0.04618,-1.2553,-0.21447,-0.033725,-0.97615,-8.4625
-0.97705,0.061757,0.20384,8.3241,0.053494,0.99752,-0.045807,-1.2553,-0.20616,-0.033852,-0.97793,-8.4772
-0.97886,0.06211,0.19488,8.3225,0.054277,0.9975,-0.045286,-1.2555,-0.1972,-0.033751,-0.97978,-8.4917
-0.9803,0.06191,0.18755,8.3226,0.054288,0.99749,-0.045512,-1.256,-0.1899,-0.034434,-0.9812,-8.5039
-0.9821,0.062134,0.17784,8.3198,0.054924,0.99747,-0.045189,-1.2563,-0.1802,-0.034612,-0.98302,-8.5155
-0.98381,0.061162,0.16844,8.319,0.054228,0.99749,-0.045468,-1.2564,-0.1708,-0.035598,-0.98466,-8.5255
-0.98566,0.061327,0.15723,8.3148,0.054859,0.99747,-0.045153,-1.2563,-0.1596,-0.03588,-0.98653,-8.537
-0.98689,0.060758,0.14952,8.3138,0.054558,0.99749,-0.04523,-1.2562,-0.15189,-0.03648,-0.98772,-8.5472
-0.98809,0.061057,0.14128,8.3107,0.055206,0.99746,-0.04497,-1.2561,-0.14367,-0.036634,-0.98895,-8.5578
-0.98939,0.060392,0.1321,8.309,0.054899,0.99748,-0.044841,-1.2559,-0.13448,-0.037113,-0.99022,-8.5687
-0.99091,0.060344,0.12019,8.3048,0.055368,0.99748,-0.044316,-1.2556,-0.12256,-0.037259,-0.99176,-8.5812
-0.9921,0.060208,0.11004,8.3017,0.055655,0.99748,-0.043993,-1.2554,-0.11241,-0.037521,-0.99295,-8.593
-0.99305,0.060159,0.10112,8.2987,0.055955,0.99747,-0.04391,-1.2553,-0.1035,-0.037947,-0.99391,-8.6041
-0.99393,0.060225,0.092057,8.2954,0.056406,0.99746,-0.043543,-1.2551,-0.094446,-0.038086,-0.9948,-8.6155
-0.99467,0.060001,0.083849,8.2926,0.056529,0.99747,-0.043188,-1.2549,-0.086228,-0.038218,-0.99554,-8.6258
-0.99538,0.059608,0.075303,8.2895,0.056493,0.99748,-0.042849,-1.2547,-0.077668,-0.038397,-0.99624,-8.6343
-0.99604,0.058973,0.066571,8.2866,0.056197,0.9975,-0.042827,-1.2547,-0.068931,-0.038916,-0.99686,-8.6415
-0.9966,0.058623,0.057917,8.2831,0.056197,0.99751,-0.042663,-1.2546,-0.060273,-0.039263,-0.99741,-8.6486
-0.99705,0.057965,0.050219,8.2807,0.05585,0.99753,-0.042543,-1.2544,-0.052561,-0.039613,-0.99783,-8.6559
-0.99745,0.057667,0.041974,8.2773,0.055892,0.99754,-0.042294,-1.2543,-0.044309,-0.039841,-0.99822,-8.6643
-0.9978,0.056977,0.033851,8.2747,0.055535,0.99757,-0.042125,-1.2541,-0.036168,-0.040152,-0.99854,-8.6735
-0.99807,0.05669,0.025201,8.271,0.05561,0.99758,-0.041683,-1.2538,-0.027503,-0.040202,-0.99881,-8.6829
-0.99829,0.055984,0.016813,8.268,0.055249,0.99761,-0.041428,-1.2535,-0.019092,-0.040428,-0.999,-8.6921
-0.99843,0.055519,0.0077166,8.2641,0.055158,0.99764,-0.04095,-1.2532,-0.0099719,-0.04046,-0.99913,-8.7019
-0.99849,0.05485,-0.0020607,8.2602,0.054888,0.99766,-0.04068,-1.2529,-0.00017542,-0.040731,-0.99917,-8.7126
-0.99844,0.054603,-0.011884,8.2555,0.05504,0.99767,-0.040202,-1.2526,0.0096611,-0.040794,-0.99912,-8.7237
-0.99831,0.054229,-0.020697,8.2515,0.055022,0.99769,-0.039928,-1.2524,0.018484,-0.041,-0.99899,-8.7328
-0.99818,0.054058,-0.026711,8.2484,0.055091,0.9977,-0.039567,-1.2522,0.024511,-0.040967,-0.99886,-8.7391
-0.99809,0.053918,-0.030155,8.2464,0.055088,0.9977,-0.0394,-1.2521,0.027961,-0.040986,-0.99877,-8.7426
-0.99801,0.053698,-0.0331,8.2447,0.054987,0.99771,-0.039344,-1.252,0.030912,-0.041085,-0.99868,-8.7444
-0.99783,0.053418,-0.038556,8.2419,0.054932,0.99771,-0.039341,-1.252,0.036366,-0.041374,-0.99848,-8.7462
-0.99764,0.053155,-0.043559,8.2394,0.054869,0.99773,-0.03915,-1.2519,0.041379,-0.041447,-0.99828,-8.75
-0.99733,0.053108,-0.05018,8.2359,0.055078,0.99773,-0.038732,-1.2517,0.048009,-0.041393,-0.99799,-8.7575
-0.99669,0.052893,-0.061752,8.2302,0.055308,0.99774,-0.038076,-1.2515,0.059599,-0.041365,-0.99736,-8.7691
-0.99575,0.053034,-0.075261,8.2229,0.055969,0.99773,-0.037436,-1.2512,0.073105,-0.04149,-0.99646,-8.7825
-0.99446,0.052861,-0.09091,8.2147,0.056394,0.99773,-0.036744,-1.2509,0.088762,-0.041667,-0.99518,-8.7972
-0.9926,0.051975,-0.10976,8.2054,0.056236,0.99777,-0.036083,-1.2505,0.10764,-0.041988,-0.9933,-8.8126
-0.99032,0.050614,-0.12924,8.1963,0.055703,0.9978,-0.036065,-1.2505,0.12713,-0.042915,-0.99096,-8.8275
-0.98819,0.05018,-0.1448,8.1876,0.055896,0.9978,-0.03568,-1.2505,0.1427,-0.043352,-0.98882,-8.8411
-0.98609,0.049467,-0.15868,8.1801,0.055779,0.99781,-0.035573,-1.2505,0.15657,-0.043929,-0.98669,-8.8534
-0.9831,0.049269,-0.17633,8.1696,0.056364,0.99778,-0.035453,-1.2507,0.17419,-0.044793,-0.98369,-8.8662
-0.98012,0.049313,-0.19216,8.1593,0.057122,0.99774,-0.035307,-1.2508,0.18999,-0.045582,-0.98073,-8.8799
-0.97682,0.049711,-0.20819,8.1478,0.058111,0.99772,-0.034424,-1.2505,0.20601,-0.045725,-0.97748,-8.8946
-0.97287,0.049234,-0.22606,8.1358,0.058289,0.99774,-0.033553,-1.25,0.2239,-0.045819,-0.97354,-8.911
-0.96783,0.048064,-0.24698,8.1226,0.057972,0.99777,-0.032997,-1.2496,0.24484,-0.046254,-0.96846,-8.9286
-0.96242,0.047369,-0.26739,8.1085,0.058282,0.99775,-0.03302,-1.2496,0.26523,-0.047363,-0.96302,-8.9457
-0.95694,0.046986,-0.28644,8.0944,0.05864,0.99776,-0.032237,-1.2492,0.28429,-0.047646,-0.95755,-8.9627
-0.95194,0.047048,-0.30265,8.0806,0.059389,0.99773,-0.031695,-1.2489,0.30048,-0.048146,-0.95257,-8.9796
-0.9466,0.046314,-0.31907,8.0673,0.059235,0.99777,-0.030905,-1.2483,0.31692,-0.048154,-0.94723,-8.9976
-0.94115,0.045898,-0.33486,8.0533,0.059343,0.99779,-0.030023,-1.2476,0.33275,-0.048127,-0.94179,-9.0157
-0.93583,0.045399,-0.34952,8.0394,0.059304,0.99781,-0.029179,-1.2468,0.34743,-0.048034,-0.93648,-9.0347
-0.93002,0.044358,-0.36481,8.0252,0.058631,0.99788,-0.028135,-1.2457,0.36279,-0.047556,-0.93066,-9.0554
-0.92316,0.044354,-0.38184,8.0076,0.059062,0.99789,-0.02688,-1.2447,0.37985,-0.047367,-0.92384,-9.0767
-0.91702,0.043235,-0.39648,7.9926,0.058452,0.99794,-0.026372,-1.244,0.39453,-0.047359,-0.91766,-9.0973
-0.91101,0.042073,-0.41023,7.9777,0.057709,0.998,-0.025801,-1.2432,0.40833,-0.047179,-0.91162,-9.1169
-0.905,0.040895,-0.42343,7.9639,0.056917,0.99806,-0.025257,-1.2425,0.42158,-0.046958,-0.90558,-9.1347
-0.89854,0.040331,-0.43703,7.9485,0.056639,0.9981,-0.024344,-1.2415,0.43521,-0.046627,-0.89912,-9.1527
-0.89177,0.039578,-0.45075,7.9331,0.056272,0.99813,-0.023689,-1.2408,0.44897,-0.046489,-0.89234,-9.1705
-0.88405,0.040038,-0.46568,7.9145,0.057124,0.99811,-0.022628,-1.24,0.46389,-0.046606,-0.88466,-9.1895
-0.87644,0.039886,-0.47985,7.8961,0.057137,0.99814,-0.021393,-1.2389,0.4781,-0.046167,-0.87709,-9.2092
-0.86883,0.039143,-0.49356,7.8786,0.056721,0.99818,-0.020684,-1.238,0.49185,-0.045966,-0.86947,-9.229
-0.85942,0.039422,-0.50974,7.8571,0.057159,0.99818,-0.019174,-1.2366,0.50806,-0.045615,-0.86011,-9.2489
-0.85071,0.038327,-0.52424,7.8381,0.05627,0.99825,-0.018332,-1.2354,0.52262,-0.045094,-0.85138,-9.269
-0.84064,0.037865,-0.54027,7.8166,0.055974,0.99829,-0.017129,-1.234,0.5387,-0.04464,-0.84132,-9.2885
-0.83119,0.036415,-0.5548,7.7966,0.054771,0.99836,-0.016527,-1.2328,0.55329,-0.044124,-0.83182,-9.3091
-0.81995,0.036189,-0.57129,7.7719,0.055014,0.99836,-0.015718,-1.2315,0.56979,-0.044317,-0.8206,-9.3298
-0.80891,0.03461,-0.58691,7.7493,0.053481,0.99846,-0.014831,-1.23,0.58549,-0.043385,-0.80952,-9.351
-0.79727,0.03318,-0.60271,7.7256,0.051976,0.99855,-0.013783,-1.2282,0.60138,-0.042315,-0.79784,-9.3729
-0.78525,0.032842,-0.61831,7.6993,0.051569,0.99859,-0.012451,-1.2264,0.61703,-0.041663,-0.78584,-9.3942
-0.77464,0.031743,-0.6316,7.675,0.050436,0.99866,-0.011667,-1.2248,0.63038,-0.040893,-0.77521,-9.4164
-0.76738,0.03309,-0.64033,7.6514,0.051666,0.99861,-0.010314,-1.2234,0.6391,-0.040999,-0.76803,-9.4361
-0.76152,0.032692,-0.64732,7.631,0.050636,0.99868,-0.0091327,-1.2215,0.64616,-0.039732,-0.76216,-9.4565
-0.75201,0.030724,-0.65843,7.6084,0.047956,0.99882,-0.0081643,-1.2191,0.6574,-0.037715,-0.7526,-9.4789
-0.74169,0.03141,-0.67001,7.5815,0.048252,0.99881,-0.0065907,-1.2172,0.669,-0.037218,-0.74233,-9.4993
-0.73153,0.030532,-0.68113,7.5555,0.047302,0.99886,-0.006027,-1.2154,0.68017,-0.036628,-0.73214,-9.5198
-0.72151,0.03006,-0.69175,7.5307,0.045699,0.99895,-0.004256,-1.2131,0.6909,-0.034683,-0.72212,-9.5411
-0.7101,0.030268,-0.70345,7.503,0.045832,0.99894,-0.0032834,-1.2116,0.7026,-0.034572,-0.71074,-9.5588
-0.69915,0.028221,-0.71442,7.4784,0.043229,0.99906,-0.0028404,-1.2096,0.71367,-0.032869,-0.69971,-9.5795
-0.68668,0.028808,-0.72639,7.4503,0.043926,0.99903,-0.0019037,-1.2082,0.72564,-0.033215,-0.68728,-9.5949
-0.6764,0.026752,-0.73605,7.4273,0.041865,0.99912,-0.0021591,-1.2068,0.73534,-0.032275,-0.67692,-9.6128
-0.66519,0.027303,-0.74618,7.4013,0.041765,0.99913,-0.00067325,-1.205,0.74551,-0.031612,-0.66575,-9.6277
-0.65427,0.02563,-0.75583,7.3783,0.040433,0.99918,-0.0011179,-1.2042,0.75518,-0.031292,-0.65477,-9.6427
-0.64335,0.024769,-0.76517,7.3544,0.040009,0.9992,-0.0012952,-1.2034,0.76452,-0.031447,-0.64383,-9.6554
-0.63322,0.023521,-0.77361,7.3316,0.037967,0.99928,-0.00069528,-1.2016,0.77304,-0.029812,-0.63366,-9.6706
-0.62108,0.022299,-0.78343,7.3052,0.037049,0.99931,-0.00092771,-1.2005,0.78287,-0.029601,-0.62148,-9.6853
-0.60809,0.021143,-0.79359,7.2771,0.036694,0.99933,-0.0014929,-1.1996,0.79302,-0.030027,-0.60846,-9.6986
-0.59554,0.019955,-0.80308,7.2475,0.035648,0.99936,-0.001604,-1.1984,0.80253,-0.029583,-0.59588,-9.715
-0.58226,0.019122,-0.81278,7.2162,0.035696,0.99936,-0.0020609,-1.1976,0.81222,-0.030213,-0.58257,-9.7284
-0.57048,0.016492,-0.82115,7.1876,0.033345,0.99944,-0.0030928,-1.1966,0.82064,-0.029145,-0.57071,-9.7463
-0.55586,0.015739,-0.83113,7.1528,0.034468,0.9994,-0.0041264,-1.1964,0.83056,-0.030941,-0.55607,-9.7584
-0.54382,0.012832,-0.8391,7.1206,0.032975,0.99944,-0.006087,-1.1957,0.83855,-0.03098,-0.54394,-9.7759
-0.52926,0.013556,-0.84835,7.0815,0.034843,0.99938,-0.0057678,-1.1948,0.84775,-0.032611,-0.5294,-9.7892
-0.51613,0.011366,-0.85644,7.0443,0.034928,0.99936,-0.0077863,-1.1942,0.8558,-0.033932,-0.51619,-9.8053
-0.5008,0.012217,-0.86548,7.0022,0.035677,0.99934,-0.006538,-1.192,0.86483,-0.034152,-0.5009,-9.8201
-0.48466,0.011219,-0.87463,6.9589,0.035502,0.99935,-0.0068544,-1.19,0.87398,-0.034373,-0.48474,-9.8362
-0.46831,0.013001,-0.88347,6.9121,0.036832,0.99931,-0.0048178,-1.1869,0.8828,-0.034796,-0.46846,-9.8511
-0.4508,0.01007,-0.89257,6.8679,0.033039,0.99944,-0.0054115,-1.1848,0.89201,-0.031929,-0.45088,-9.8688
-0.43507,0.0039214,-0.90039,6.828,0.027765,0.99957,-0.0090626,-1.1845,0.89997,-0.028942,-0.435,-9.8884
-0.41847,0.002872,-0.90823,6.7835,0.028626,0.99954,-0.010029,-1.1846,0.90778,-0.030196,-0.41836,-9.8992
-0.40513,-0.001603,-0.91426,6.745,0.026666,0.99955,-0.013569,-1.1857,0.91387,-0.029877,-0.40491,-9.9136
-0.39161,-0.0026285,-0.92013,6.7049,0.028724,0.99947,-0.01508,-1.1867,0.91968,-0.032336,-0.39132,-9.9208
-0.38077,-0.0062389,-0.92465,6.6699,0.026617,0.99949,-0.017705,-1.1874,0.92429,-0.031352,-0.38041,-9.9333
-0.36826,-0.0084764,-0.92968,6.6313,0.027734,0.99941,-0.020098,-1.1887,0.92931,-0.033186,-0.36781,-9.9407
-0.35687,-0.0098054,-0.9341,6.5916,0.027948,0.99939,-0.021168,-1.189,0.93374,-0.03366,-0.35638,-9.9505
-0.34482,-0.01121,-0.9386,6.5494,0.03039,0.99927,-0.023099,-1.1905,0.93818,-0.036489,-0.34423,-9.9575
-0.33344,-0.012349,-0.94269,6.5054,0.032728,0.99916,-0.024665,-1.1916,0.9422,-0.039077,-0.33276,-9.9647
-0.32446,-0.0144,-0.94579,6.4618,0.033422,0.99909,-0.026677,-1.1925,0.94531,-0.040266,-0.32368,-9.9756
-0.314,-0.019625,-0.94922,6.4175,0.034754,0.99888,-0.032148,-1.1955,0.94879,-0.043084,-0.31297,-9.9835
-0.30683,-0.022001,-0.95151,6.3725,0.036015,0.99875,-0.034707,-1.1971,0.95108,-0.044918,-0.30566,-9.9936
-0.29991,-0.026828,-0.95359,6.3268,0.037874,0.99848,-0.040003,-1.1996,0.95321,-0.048113,-0.29844,-10.002
-0.29733,-0.029291,-0.95432,6.2796,0.037728,0.99839,-0.042398,-1.2005,0.95403,-0.048611,-0.29575,-10.017
-0.29284,-0.027602,-0.95576,6.2279,0.039331,0.99839,-0.040884,-1.1997,0.95535,-0.049563,-0.29128,-10.028
-0.29118,-0.030473,-0.95618,6.1773,0.037487,0.99836,-0.043233,-1.2001,0.95593,-0.048434,-0.28957,-10.046
-0.28808,-0.029228,-0.95716,6.1252,0.038442,0.99838,-0.042056,-1.1998,0.95684,-0.04891,-0.28648,-10.059
